1570320893
1863476435
375102609
1875188487
-1133876898
-376221025
-1548114344
2108585859
-808454939
288325632
-1559593712
-183064514
-877161795
1032707616
1704224576
-481702947
-238621688
-980611887
2081587016
-550168750
1785539003
833918876
-1808028435
498838277
-931236923
1725198361
-2080296171
392628049
283491958
-1150207616
-1191062066
-196750287
31164958
1567701376
-1090855788
1623388218
1255569652
812057167
483423443
2087320268
1247076154
-854316543
1767585962
-1859269244
-152260195
-1987075299
935386609
840472820
-1207863839
1142983277
-1560653443
982816918
-430564931
-90735082
-1584807262
385323517
1605030915
1107153383
2038915832
1659540300
1492481028
1209218293
1112792674
-1779784468
1522844465
-829973401
950783820
1891000953
-381297403
1080592269
600290099
-1555583236
-1083399902
-1441402569
1256727402
-1590167457
422486970
-1669037500
-1436133862
1969274397
1305624624
1389877625
-1570952311
879841080
-683036162
1454963859
796871583
1011741552
-525576232
964314782
-1796008026
-90442831
39748882
928737159
-329943983
1931556300
10126654
72698096
1401991167
366305130
