1223433289
-1788704419
-1912435595
-1351178160
-2137168452
-452451702
-942987740
987048060
699807594
233809988
-509654732
-909463297
378423826
1164262160
1635692094
-1806352844
-1215835847
-809738405
2010720174
-1093016673
-518407858
129026767
1034913407
945703781
700261390
511062759
2002224968
-1500104450
621528873
131985605
-786232452
960103208
370348325
-720204222
1751851757
737556766
-189122430
-539586489
-58480238
-426514679
-11036385
-919268774
-802914935
-1057215050
1551107036
1986529147
-786329250
464593290
1065411711
-22989775
1243307661
-1736366926
1882218971
1369454047
879066181
433664158
1030544430
1121004379
1073307246
-865221969
-1394643509
1817498304
539459821
-700882898
-456437256
-234082173
1847165734
-2109020800
1241404953
-875621436
308017090
-2117266281
-453723891
-1198126106
1020193970
1934890668
1246829783
-136993951
1523085170
-1726683862
1370451585
466744278
-1775988334
-126497299
1424222268
-997267613
1504883057
-123304277
-551185972
2020784952
1210583883
-1646165070
-1581915358
-1829398678
1857803894
1256162771
411921738
-334344185
873558760
1294046110
